TITLE
distance restraints in PNMT ligands (modified from sereina's disrest.dat for all ligands by dsidler)
END
DISTANCERESSPEC
# KDISH  KDISC
  0.1    0.153
# i  j  k  l  type    i  j  k  l  type    r0    w0    rah
#
  3  0  0  0  0       18 0  0  0  0       0.0   1.0   0
  3  0  0  0  0       34 0  0  0  0       0.0   1.0   0
  3  0  0  0  0       51 0  0  0  0       0.0   1.0   0
  3  0  0  0  0       69 0  0  0  0       0.0   1.0   0
  3  0  0  0  0       90 0  0  0  0       0.0   1.0   0
  3  0  0  0  0       111 0  0  0  0       0.0   1.0   0
  3  0  0  0  0       135 0  0  0  0       0.0   1.0   0
  3  0  0  0  0       154 0  0  0  0       0.0   1.0   0
#
  5  0  0  0  0       20 0  0  0  0       0.0   1.0   0
  5  0  0  0  0       36 0  0  0  0       0.0   1.0   0
  5  0  0  0  0       53 0  0  0  0       0.0   1.0   0
  5  0  0  0  0       71 0  0  0  0       0.0   1.0   0
  5  0  0  0  0       92 0  0  0  0       0.0   1.0   0
  5  0  0  0  0       113 0  0  0  0       0.0   1.0   0
  5  0  0  0  0       137 0  0  0  0       0.0   1.0   0
  5  0  0  0  0       156 0  0  0  0       0.0   1.0   0
#
  8  0  0  0  0       23 0  0  0  0       0.0   1.0   0
  8  0  0  0  0       39 0  0  0  0       0.0   1.0   0
  8  0  0  0  0       59 0  0  0  0       0.0   1.0   0
  8  0  0  0  0       77 0  0  0  0       0.0   1.0   0
  8  0  0  0  0       101 0  0  0  0       0.0   1.0   0
  8  0  0  0  0       122 0  0  0  0       0.0   1.0   0
  8  0  0  0  0       143 0  0  0  0       0.0   1.0   0
  8  0  0  0  0       159 0  0  0  0       0.0   1.0   0
#
  9  0  0  0  0       24 0  0  0  0       0.0   1.0   0
  9  0  0  0  0       40 0  0  0  0       0.0   1.0   0
  9  0  0  0  0       60 0  0  0  0       0.0   1.0   0
  9  0  0  0  0       78 0  0  0  0       0.0   1.0   0
  9  0  0  0  0       102 0  0  0  0       0.0   1.0   0
  9  0  0  0  0       123 0  0  0  0       0.0   1.0   0
  9  0  0  0  0       144 0  0  0  0       0.0   1.0   0
  9  0  0  0  0       160 0  0  0  0       0.0   1.0   0
END
